78,35
3,2
3,1
3,3
10,18
10,246
10,156
10,146
10,124
10,304
10,2
10,3
9,7
9,4
9,6
8,16
8,13
8,11
8,8
8,2
8,3
66,3
66,2
66,1
62,3
62,2
62,1
62,0
61,3
61,2
61,1
61,0
60,3
60,2
60,1
60,0
59,3
59,2
59,1
59,0
58,3
58,2
58,1
58,0
57,7
57,6
57,5
57,4
57,3
57,2
57,1
57,0
52,3
52,2
52,1
52,0
51,3
51,2
51,1
51,0
20,3
14,3
20,2
13,1
20,1
19,3
13,3
19,2
19,1
18,3
18,1
14,1
12,3
12,2
12,1
11,30
11,29
11,28
11,27
11,26
11,25
11,24
11,23
11,21
11,20
11,19
11,18
11,17
11,16
11,15
11,14
11,13
11,12
11,11
11,10
11,9
11,8
11,7
11,6
11,5
11,4
11,3
11,2
11,1
10,314
10,313
10,303
10,299
10,298
10,291
10,285
10,283
10,271
10,269
10,267
10,266
10,265
